name: EvolveEnv
channels:
  - conda-forge
  - defaults
dependencies:
  - brotli=1.1.0=hcfcfb64_0
  - brotli-bin=1.1.0=hcfcfb64_0
  - bzip2=1.0.8=he774522_0
  - ca-certificates=2023.7.22=h56e8100_0
  - certifi=2023.7.22=pyhd8ed1ab_0
  - contourpy=1.1.1=py311h005e61a_0
  - control=0.9.4=pyhd8ed1ab_0
  - cycler=0.11.0=pyhd8ed1ab_0
  - fonttools=4.42.1=py311ha68e1ae_0
  - freetype=2.12.1=ha860e81_0
  - giflib=5.2.1=h64bf75a_3
  - intel-openmp=2023.2.0=h57928b3_49496
  - jpeg=9e=hcfcfb64_3
  - kiwisolver=1.4.5=py311h005e61a_0
  - lerc=3.0=hd77b12b_0
  - libblas=3.9.0=8_mkl
  - libbrotlicommon=1.1.0=hcfcfb64_0
  - libbrotlidec=1.1.0=hcfcfb64_0
  - libbrotlienc=1.1.0=hcfcfb64_0
  - libcblas=3.9.0=8_mkl
  - libdeflate=1.17=h2bbff1b_0
  - libffi=3.4.4=hd77b12b_0
  - libflang=11.0.1=h0e60522_20210131
  - liblapack=3.9.0=8_mkl
  - libpng=1.6.39=h8cc25b3_0
  - libtiff=4.5.1=hd77b12b_0
  - libwebp=1.2.4=hbc33d0d_1
  - libwebp-base=1.2.4=h2bbff1b_1
  - llvm-openmp=11.0.1=h2d74725_0
  - lz4-c=1.9.4=hcfcfb64_0
  - m2w64-gcc-libgfortran=5.3.0=6
  - m2w64-gcc-libs=5.3.0=7
  - m2w64-gcc-libs-core=5.3.0=7
  - m2w64-gmp=6.1.0=2
  - m2w64-libwinpthread-git=5.0.0.4634.697f757=2
  - matplotlib-base=3.8.0=py311h6e989c2_0
  - mkl=2020.4=hb70f87d_311
  - msys2-conda-epoch=20160418=1
  - munkres=1.1.4=pyh9f0ad1d_0
  - numpy=1.26.0=py311h0b4df5a_0
  - openssl=3.1.2=hcfcfb64_0
  - packaging=23.1=pyhd8ed1ab_0
  - pillow=9.4.0=py311hd77b12b_0
  - pip=23.2.1=py311haa95532_0
  - pyparsing=3.1.1=pyhd8ed1ab_0
  - python=3.11.5=he1021f5_0
  - python-dateutil=2.8.2=pyhd8ed1ab_0
  - python_abi=3.11=2_cp311
  - scipy=1.11.2=py311h37ff6ca_1
  - setuptools=68.0.0=py311haa95532_0
  - six=1.16.0=pyh6c4a22f_0
  - slycot=0.5.4=py311h319aeb2_0
  - sqlite=3.41.2=h2bbff1b_0
  - tk=8.6.12=h2bbff1b_0
  - tzdata=2023c=h04d1e81_0
  - ucrt=10.0.22621.0=h57928b3_0
  - vc=14.2=h21ff451_1
  - vc14_runtime=14.36.32532=hdcecf7f_17
  - vs2015_runtime=14.36.32532=h05e6639_17
  - wheel=0.38.4=py311haa95532_0
  - xz=5.4.2=h8cc25b3_0
  - zlib=1.2.13=h8cc25b3_0
  - zstd=1.5.5=hd43e919_0
  - pip:
      - cloudpickle==3.0.0
      - pygad==3.2.0
prefix: C:\Users\wilhelwi\AppData\Local\anaconda3\envs\EvolveEnv
